$ 1 0.000015625 2.008553692318767 61 10 50 5e-11
a 0 528 128 528 8 15 -15 1000000 1.6732630336122087 -13.58246232912069 100000
w 0 512 0 464 0
r 0 464 128 464 0 10000
w 128 464 128 528 0
w 128 528 128 592 0
r 128 592 32 592 0 100000
r -32 592 -128 592 0 100000
g -128 592 -128 624 0 0
c 0 464 -96 464 0 1e-8 1.6732630336122087 0.001
g -96 464 -96 496 0 0
174 -32 592 32 592 1 1000000 0.9950000000000001 Sampling Frequency
w 0 544 0 576 0
c 128 528 192 528 0 1e-9 2.3353166649259727 0.001
r 192 528 192 608 0 100000
g 192 608 192 640 0 0
d 192 528 256 528 2 default
g 256 608 256 640 0 0
r 256 528 256 608 0 100000
a 320 544 416 544 9 12 -12 1000000 2.9774436090225564 -0.017143435488975456 100000
w 256 528 320 528 0
r 320 704 240 704 0 33000
w 320 560 320 704 0
r 400 704 320 704 0 100000
g 240 704 240 736 0 0
R 400 704 400 656 0 0 40 12 0 0 0.5
d 416 320 416 544 2 default
j 416 320 416 240 32 -4 0.00125
r 352 240 352 320 0 1000000
w 416 320 352 320 0
w 352 240 400 240 0
a 240 240 352 240 8 15 -15 1000000 0.7068929549314503 0.7069000238609996 100000
w 352 240 352 176 0
w 352 176 240 176 0
w 240 176 240 224 0
174 144 224 160 288 1 1000 0.5 Resistance
g 144 288 144 320 0 0
w 160 256 240 256 0
R 144 224 80 224 0 1 400 5 0 0 0.5
c 480 240 480 304 0 1.0000000000000001e-7 -0.9981644737991264 0.001
g 480 304 480 336 0 0
w 432 240 480 240 0
a 544 224 656 224 8 15 -15 1000000 -0.9981544922542039 -0.9981644737991264 100000
w 544 240 480 240 0
w 544 208 544 176 0
w 544 176 656 176 0
w 656 176 656 224 0
r 656 224 752 224 0 1000
O 752 224 800 224 0 0
o 47 2 0 4106 5 0.1 0 1
